5.487 96.125 0.158119249 21.09706476
5.498 95.768 0.165393874 21.14147379
5.52 96.028 0.170476412 21.14298773
5.542 95.724 0.175035177 21.1437447
5.57 95.498 0.173580252 21.14324006
5.581 95.65 0.163065994 21.14071682
5.604 95.606 0.172125327 21.14223076
5.626 95.716 0.170592806 21.1384459
5.654 95.522 0.173483257 21.1437447
5.665 95.594 0.17497698 21.1437447
5.687 95.44 0.181844226 21.1437447
5.709 95.278 0.194026798 21.1437447
5.737 95.203 0.175151571 21.1437447
5.748 95.164 0.178526997 21.1437447
5.77 95.119 0.183687131 21.14298773
5.792 94.888 0.193076247 21.1437447
5.82 94.954 0.180757882 21.1437447
5.831 94.929 0.198701957 21.1437447
5.854 94.811 0.171601554 21.1437447
5.876 94.949 0.207547901 21.14147379
5.904 94.719 0.182620186 21.1437447
5.915 94.531 0.206228769 21.1437447
5.937 81.69 0.076773422 21.08217765
5.959 31.794 0.069130216 21.08142068
5.987 90.659 0.323282335 20.93734367
5.998 93.524 0.279459994 21.05517898
6.02 94.056 0.239924832 21.12759597
6.042 93.882 0.233096384 21.14223076
6.07 93.767 0.2192067 21.1005973
6.081 93.862 0.200137483 21.09454152
6.104 94.141 0.211388903 21.09908336
6.126 93.59 0.216587835 21.08520554
6.154 93.777 0.207877684 21.08772878
6.165 93.914 0.214764329 21.08671948
6.187 93.74 0.225007001 21.08520554
6.209 93.541 0.213464596 21.09378455
6.237 93.361 0.216549037 21.08217765
6.248 93.253 0.208129871 21.08217765
6.27 92.957 0.201805797 21.08520554
6.292 92.94 0.208362659 21.08293462
6.32 93.145 0.235967436 21.08217765
6.331 93.05 0.227140891 21.08217765
6.354 93.039 0.203435313 21.08217765
6.376 92.721 0.212746833 21.08217765
6.404 92.915 0.236723997 21.08217765
6.415 92.576 0.238857887 21.08217765
6.437 92.458 0.247800826 21.08217765
6.459 92.409 0.239265266 21.08217765
6.487 92.076 0.247490442 21.08217765
6.498 91.979 0.254183097 21.08217765
6.52 91.845 0.250924065 21.08217765
6.542 92.267 0.234240925 21.08217765
6.57 91.93 0.2192067 21.08217765
6.581 91.89 0.233988738 21.08217765
6.604 92.008 0.223513278 21.08217765
6.626 92.421 0.231563863 21.08217765
6.654 91.968 0.230477519 21.08217765
6.665 92.539 0.234997486 21.08217765
6.687 91.845 0.23453191 21.08217765
6.709 91.905 0.234240925 21.08217765
6.737 91.838 0.239595049 21.08217765
6.748 91.622 0.24073959 21.08217765
6.795 91.294 0.243106268 21.081673
6.806 91.544 0.248033614 21.08217765
6.822 91.265 0.251118055 21.08217765
6.839 91.045 0.251816419 21.08217765
6.861 91.024 0.248828973 21.08217765
6.872 90.899 0.251641828 21.08217765
6.889 91.107 0.254532279 21.08217765
6.906 90.79 0.256666169 21.08217765
6.928 90.685 0.252359591 21.08217765
6.939 90.668 0.257151144 21.08217765
6.956 90.567 0.25703475 21.08217765
6.972 90.406 0.257015351 21.08217765
6.995 90.358 0.260584767 21.08217765
7.006 90.291 0.262059091 21.08142068
7.022 90.547 0.262175485 21.08217765
7.039 90.161 0.267684801 21.08217765
7.061 89.967 0.266598457 21.07914976
7.072 90.076 0.26654026 21.07990673
7.089 90.153 0.275502598 21.07284166
7.106 89.938 0.273194117 21.05618828
7.128 89.755 0.273194117 21.07183236
7.139 89.654 0.276084568 21.07839279
7.156 89.552 0.273194117 21.05442201
7.172 89.617 0.278218458 21.05820687
7.195 89.585 0.283766572 21.03070355
7.206 89.378 0.285687073 21.02818031
7.222 89.045 0.284503734 21.03903024
7.239 88.814 0.285085704 21.03675933
7.261 88.963 0.282738425 21.03802095
7.272 89.001 0.284620128 21.03146052
7.289 88.83 0.287743367 21.02363848
7.306 88.611 0.291002399 21.02742334
7.328 88.65 0.289372883 21.02262918
7.339 88.457 0.289877257 21.02742334
7.356 88.449 0.287335988 21.02515242
7.372 88.372 0.291661965 21.02212454
7.395 88.219 0.29757866 21.02061059
7.406 88.003 0.298296423 21.02061059
7.422 87.926 0.295502967 21.02136756
7.439 87.966 0.298587408 21.02061059
7.461 88.168 0.303766941 21.02111524
7.472 87.905 0.298277024 21.02061059
7.489 87.613 0.309722434 21.02061059
7.506 87.463 0.308073519 21.02061059
7.528 87.319 0.308073519 21.02061059
7.539 87.11 0.31581372 21.02061059
7.556 87.268 0.31367983 21.02061059
7.572 87.053 0.316337493 21.02061059
7.595 86.856 0.319790515 21.02061059
7.606 86.944 0.321672218 21.02061059
7.622 86.749 0.321264839 21.01985362
7.639 86.518 0.324523871 21.02061059
7.661 86.615 0.323553921 21.01707806
7.673 86.639 0.331100132 21.01278855
7.689 86.372 0.33540671 21.01203158
7.706 85.889 0.331817895 21.0112746
7.728 85.898 0.336978029 21.00622812
7.739 85.597 0.333757795 20.99916305
7.756 85.463 0.339616293 21.00824672
7.772 85.345 0.340974223 20.98427594
7.795 85.176 0.34743409 20.98654685
7.806 85.272 0.345009215 20.97292136
7.823 84.765 0.347783272 20.96661326
7.839 84.664 0.347026711 20.96888417
7.861 84.616 0.34568818 20.9681272
7.873 84.611 0.352691219 20.96207142
7.889 84.351 0.358569116 20.95980051
7.906 84.27 0.361517764 20.95954818
7.928 84.1 0.35946147 20.95904354
7.939 83.897 0.363884442 20.95904354
7.956 83.759 0.363709851 20.95980051
7.973 83.848 0.370227915 20.95954818
7.995 83.597 0.366871888 20.95904354
8.006 83.406 0.373001972 20.95980051
8.023 83.345 0.370926279 20.95904354
8.039 83.325 0.37401072 20.95904354
8.061 82.996 0.379326046 20.95904354
8.073 83.021 0.376668383 20.95904354
8.089 82.964 0.378569485 20.95803424
8.106 82.635 0.383011856 20.95828656
8.128 82.474 0.388152591 20.95904354
8.139 82.258 0.389394127 20.95803424
8.156 82.181 0.389646314 20.95752959
8.173 81.99 0.396280772 20.9481936
8.195 81.855 0.393332124 20.94869825
8.206 81.9 0.39146982 20.95349241
8.223 81.47 0.404893928 20.92977395
8.239 81.187 0.408094763 20.91211127
8.261 81.133 0.40698902 20.89848578
8.273 81.009 0.410965815 20.910345
8.289 81.057 0.421712861 20.90958803
8.306 80.781 0.419831158 20.9113543
8.328 80.954 0.417716667 20.90151366
8.339 80.643 0.420316133 20.89747648
8.356 80.497 0.420587719 20.89747648
8.373 80.44 0.414981408 20.89747648
8.395 80.243 0.425767252 20.89798113
8.406 80.241 0.424040741 20.89747648
8.423 80.018 0.422139639 20.89747648
8.439 79.738 0.448774466 20.89747648
8.461 79.918 0.431897336 20.89747648
8.473 79.462 0.444875267 20.89747648
8.489 79.3 0.429608254 20.89747648
8.506 79.405 0.462334367 20.89747648
8.528 79.093 0.445263247 20.89747648
8.539 78.817 0.435524949 20.89646718
8.556 78.878 0.43569954 20.89747648
8.573 78.586 0.461034634 20.89747648
8.595 78.512 0.467397506 20.89318697
8.606 78.257 0.454691161 20.88586958
8.623 78.107 0.454341979 20.88965444
8.639 77.783 0.473352999 20.89571021
8.661 78.001 0.48982275 20.88309401
8.673 77.551 0.476592632 20.89444859
8.689 77.417 0.461985185 20.89116838
8.706 77.466 0.486078743 20.87729056
8.728 77.04 0.486835304 20.84549774
8.739 76.898 0.468192865 20.83969428
8.756 76.586 0.500705589 20.8356571
8.773 76.723 0.493838343 20.8356571
8.795 76.636 0.497873335 20.8356571
8.806 76.058 0.494420313 20.8356571
8.823 75.908 0.50922175 20.83818034
8.839 75.856 0.511413837 20.8356571
8.861 75.626 0.509764922 20.8356571
8.873 75.527 0.509687326 20.8356571
8.889 75.458 0.512965757 20.8356571
8.906 74.991 0.513955106 20.83414316
8.928 74.606 0.521598312 20.8356571
8.939 74.525 0.525381117 20.83490013
8.956 74.444 0.527767194 20.8356571
8.973 74.412 0.527825391 20.81824674
8.995 74.051 0.5334705 20.8240502
9.006 73.969 0.531899181 20.81824674
9.023 73.64 0.53812626 20.80260266
9.039 73.608 0.535914774 20.8157235
9.061 73.729 0.549668665 20.83212456
9.073 73.235 0.550483423 20.8303583
9.089 73.052 0.558417614 20.80891076
9.106 72.91 0.558126629 20.80335963
9.128 72.658 0.56276299 20.7904911
9.139 72.516 0.557893841 20.78948181
9.156 72.452 0.56392693 20.77812723
9.173 71.909 0.566351805 20.77484702
9.195 71.898 0.570037615 20.77409004
9.206 71.973 0.573025061 20.77711793
9.223 71.701 0.577603225 20.77812723
9.239 71.778 0.575042557 20.77409004
9.261 71.247 0.58177401 20.77409004
9.273 71.027 0.588680054 20.77409004
9.289 70.841 0.589805196 20.77409004
9.306 70.768 0.599097317 20.77409004
9.328 70.67 0.601871374 20.7735854
9.339 70.532 0.60194897 20.77409004
9.356 70.208 0.607322493 20.77409004
9.373 70.159 0.610930707 20.7735854
9.395 69.905 0.616013245 20.7735854
9.406 69.582 0.617681559 20.75743666
9.423 69.546 0.619757252 20.7410356
9.439 69.344 0.629999924 20.72564384
9.461 69.007 0.633918522 20.72387757
9.473 68.788 0.633258956 20.7147939
9.489 68.427 0.644607371 20.71252299
9.506 68.556 0.649069141 20.71252299
9.528 68.147 0.656343766 20.71252299
9.539 67.98 0.662900628 20.71252299
9.556 67.721 0.662144067 20.71252299
9.573 67.482 0.666916221 20.71252299
9.595 67.186 0.671824168 20.71151369
9.606 66.966 0.670136455 20.71025207
9.623 66.633 0.680553718 20.69561728
9.639 66.503 0.683890346 20.69385101
9.661 66.55 0.692387108 20.66483375
9.673 66.41 0.692037926 20.65095593
9.689 66.017 0.695413352 20.66180586
9.706 65.672 0.698963369 20.6517129
9.728 65.785 0.706024605 20.65095593
9.739 65.376 0.703172952 20.65095593
9.756 65.445 0.708546475 20.65095593
9.773 65.193 0.712290482 20.65095593
9.795 64.882 0.715297327 20.65095593
9.806 64.495 0.723541902 20.65019896
9.823 64.211 0.730467345 20.64717107
9.839 64.089 0.736752621 20.63329325
9.861 64.152 0.73929389 20.60377134
9.873 64.082 0.743309483 20.59922951
9.889 64.054 0.741699366 20.59544465
9.906 63.927 0.747402672 20.59620162
9.928 64.095 0.753105978 20.59039817
9.939 64.171 0.756384409 20.58938888
9.956 64.88 0.764376797 20.58938888
9.973 64.248 0.768120804 20.58938888
9.995 64.054 0.77363012 20.59090282
10.006 64.171 0.776268384 20.58938888
10.023 63.878 0.776365379 20.59165979
10.039 63.797 0.785347116 20.58938888
10.061 63.973 0.787733193 20.58938888
10.073 63.947 0.797529688 20.58938888
10.089 63.899 0.796928319 20.58938888
10.106 63.903 0.797258102 20.58711796
10.128 63.559 0.806918804 20.58409007
10.139 63.667 0.816269122 20.56794134
10.156 63.509 0.811923746 20.54245661
10.173 63.331 0.814387419 20.53312062
10.195 63.3 0.823640742 20.52782182
10.206 63.217 0.831497337 20.52706485
10.223 63.079 0.817142077 20.52782182
10.239 63.161 0.846201779 20.52706485
10.261 62.642 0.853437606 20.52782182
10.273 62.377 0.855726688 20.52706485
10.289 62.524 0.867385487 20.52782182
10.306 59.432 0.816986885 20.58938888
10.328 48.58 0.834989157 20.52403696
10.339 47.479 0.851943883 20.52075675
10.356 47.698 0.86965517 20.47760934
10.373 48.899 0.879703852 20.47155357
10.395 49.873 0.89080008 20.46675941
10.406 50.408 0.897376341 20.46625476
10.423 50.493 0.900771166 20.46625476
10.439 50.246 0.903952602 20.46625476
10.461 50.03 0.89739574 20.46625476
10.473 49.621 0.910703454 20.46625476
10.489 49.114 0.91931661 20.46297455
10.506 48.891 0.932294541 20.46070364
10.528 48.361 0.940325727 20.43118173
10.539 47.982 0.942479016 20.42159342
10.556 46.924 0.948512105 20.4077156
10.573 46.651 0.958483191 20.40443538
10.595 46.219 0.964361088 20.40418306
10.606 45.605 0.970374778 20.40443538
10.623 44.939 0.971810304 20.40443538
10.639 44.306 0.974448568 20.40443538
10.661 44.087 0.985312008 20.40393074
10.673 42.935 0.990801925 20.40443538
10.689 42.574 0.998542126 20.40443538
10.706 42.221 0.997804964 20.39989355
10.728 41.572 1.011054481 20.39737031
10.739 41.02 1.013634548 20.36835305
10.756 40.481 1.026651277 20.35144734
10.773 40.262 1.032781361 20.34741016
10.795 40.022 1.036253782 20.34337298
10.806 39.478 1.042170477 20.3436253
10.823 39.101 1.04831996 20.34286833
10.839 38.738 1.045623499 20.34286833
10.861 37.845 1.056486939 20.34286833
10.873 37.181 1.060677123 20.34286833
10.889 37.174 1.067214586 20.34286833
10.906 36.107 1.067971147 20.34236368
10.928 35.294 1.086283803 20.31258945
10.939 33.745 1.084091716 20.31132783
10.956 34.228 1.095925106 20.28735705
10.972 33.859 1.106555758 20.28130127
10.995 33.393 1.112123271 20.28180592
11.006 32.808 1.12164818 20.28130127
11.023 32.804 1.125430985 20.28130127
11.039 31.664 1.112705241 20.28130127
11.061 30.89 1.136236228 20.27675944
11.073 30.479 1.151018266 20.25909676
11.089 30.394 1.156973759 20.22452837
11.106 30.43 1.159612023 20.24042478
11.128 29.46 1.16762381 20.21973422
11.139 29.886 1.171988585 20.21973422
11.156 40.943 1.23668425 20.17053104
11.173 41.125 1.223725718 20.21973422
11.195 39.935 1.212028121 20.19929597
11.206 39.202 1.219457938 20.15816716
11.223 39.036 1.228497872 20.15892413
11.239 38.679 1.231388323 20.15892413
11.261 36.551 1.24308592 20.15816716
11.273 37.717 1.244152865 20.15816716
11.289 36.918 1.254822315 20.15513927
11.306 36.248 1.25821714 20.15589624
11.328 35.994 1.271427859 20.11401046
11.339 35.567 1.275521048 20.10644074
11.356 35.34 1.275598644 20.10265588
11.373 34.508 1.288557176 20.0966001
11.395 33.603 1.295172235 20.0966001
11.406 33.279 1.307859181 20.0966001
11.423 32.804 1.314551836 20.08347926
11.439 32.559 1.319382187 20.07666651
11.461 31.994 1.329004091 20.05597594
11.473 31.384 1.330051637 20.03503305
11.489 31.197 1.343475745 20.03503305
11.506 30.301 1.349082056 20.03503305
11.528 29.741 1.351875512 20.03503305
11.539 28.885 1.35482416 20.03503305
11.556 34.524 1.398433112 19.98633452
11.573 40.517 1.432070978 19.97422296
11.595 40.403 1.416474182 19.97371832
11.606 39.937 1.407686435 19.98557754
11.623 39.146 1.408869774 19.97321367
11.639 38.285 1.42019879 19.97321367
11.661 37.847 1.428326971 19.97069043
11.673 37.438 1.434709242 19.95328007
11.689 37.027 1.438453249 19.9472243
11.706 36.005 1.452905504 19.91391753
11.728 35.729 1.457658259 19.91164661
11.739 35.336 1.473798227 19.91164661
11.756 34.991 1.475505339 19.91164661
11.773 34.869 1.481538428 19.91164661
11.795 35.516 1.474011616 19.91164661
11.806 35.47 1.469452851 19.91164661
11.823 34.338 1.474244404 19.91088964
11.839 33.064 1.488948846 19.87077012
11.861 31.694 1.509763973 19.85007956
11.873 31.08 1.524604208 19.84705167
11.889 30.568 1.545477532 19.81248328
11.906 30.459 1.569590489 19.78977412
11.928 30.564 1.567126816 19.79986708
11.939 30.09 1.57383887 19.79154039
11.956 29.072 1.576632326 19.78926947
11.973 28.698 1.590463813 19.7885125
11.995 27.453 1.599775333 19.78447532
12.006 26.848 1.612733865 19.74233721
12.023 26.665 1.622743749 19.73148728
12.039 26.166 1.63610966 19.72694544
12.061 25.345 1.655857842 19.72694544
12.073 24.795 1.661871532 19.72618847
12.089 24.336 1.679388829 19.68682593
12.106 27.764 1.704859716 19.66588304
12.158 35.648 1.718633006 19.66537839
12.169 34.411 1.717158682 19.66537839
12.185 34.512 1.732677882 19.65377148
12.202 33.547 1.731397548 19.64065064
12.224 33.084 1.74629598 19.60381133
12.235 32.694 1.756170071 19.60381133
12.252 31.457 1.736169702 19.60381133
12.269 30.905 1.774327535 19.60305436
12.291 29.944 1.802262095 19.56419646
12.302 29.578 1.822204267 19.54199195
12.319 28.561 1.79673338 19.54199195
12.335 28.516 1.858848978 19.53669315
12.358 28.064 1.89547429 19.48976088
12.369 26.146 1.826569042 19.49051786
12.385 35.295 1.93931603 19.42592291
12.402 37.023 1.97539817 19.4425763
12.424 36.784 1.97404024 19.47487377
12.435 36.282 1.9806359 19.4342496
12.452 35.864 1.98548565 19.42037178
12.469 35.373 1.99499116 19.41885784
12.491 34.758 2.00081086 19.41885784
12.502 34.427 2.00682455 19.41885784
12.519 33.672 2.01283824 19.41431601
12.535 30.532 1.860478494 19.3711686
12.558 31.342 1.94319583 19.35729078
12.569 31.604 1.98490368 19.35729078
12.585 31.408 1.97035443 19.35729078
12.602 30.991 2.01865794 19.35577684
12.624 30.225 2.05415811 19.30026556
12.635 29.672 2.07297514 19.29572373
12.652 29.157 2.0892703 19.29572373
12.669 28.779 2.0970299 19.28790168
12.691 27.311 2.08170469 19.2470252
12.702 27.38 2.11507097 19.23415667
12.719 35.275 2.17365595 19.1756175
12.735 35.555 2.133888 19.17637448
12.758 34.293 2.13156012 19.17309426
12.769 34.484 2.1474673 19.17258962
12.785 33.952 2.16550837 19.17258962
12.802 33.222 2.18451939 19.1208632
12.824 32.243 2.21807966 19.11127488
12.835 32.029 2.23883659 19.11077024
12.852 31.619 2.26095145 19.08553784
12.869 30.134 2.27317282 19.05324036
12.891 30.398 2.31507466 19.04920318
12.902 30.617 2.33253376 19.04920318
12.919 29.599 2.33835346 19.04920318
12.935 26.417 2.3530967 19.00782204
12.958 28.946 2.37812141 18.98763612
12.969 33.424 2.40295213 18.98687915
12.985 37.961 2.43088669 18.98763612
13.002 37.506 2.42215714 18.98612218
13.024 37.211 2.43787033 18.96391767
13.035 36.918 2.44175013 18.97073042
13.052 36.833 2.44659988 18.93086322
13.069 35.94 2.47123661 18.92606907
13.091 35.267 2.50499087 18.89629484
13.102 35.58 2.52167401 18.89124836
13.119 35.645 2.52051007 18.92304118
13.135 34.574 2.51100456 18.90235061
13.158 34.112 2.54281892 18.86450201
13.169 33.599 2.56881358 18.8622311
13.185 32.928 2.60179188 18.8097477
13.202 32.445 2.62119088 18.80293496
13.224 32.043 2.65319923 18.79511291
13.235 32.265 2.69723496 18.76281544
13.252 32.001 2.72788538 18.7549934
13.269 31.498 2.73157119 18.7413679
13.291 30.88 2.74747837 18.7413679
13.302 30.727 2.75000024 18.73884466
13.319 30.84 2.754656 18.71891106
13.335 30.293 2.77327904 18.68131479
13.358 32.283 2.74553847 18.72395754
13.369 34.065 2.65882494 18.83977426
13.385 31.031 2.65746701 18.7729084
13.402 27.976 2.73351109 18.67424972
13.424 26.676 2.83108806 18.6099071
13.435 26.625 2.88424132 18.56045159
13.452 25.501 2.93235084 18.55641441
13.469 24.836 2.95756954 18.55414349
13.491 24.713 2.98957789 18.51604257
13.502 24.413 3.00723098 18.49560432
13.519 30.589 3.05786237 18.48399742
13.535 30.84 3.07551546 18.43630818
13.558 30.779 3.09433249 18.4332803
13.569 30.463 3.12498291 18.41637459
13.585 30.512 3.15097757 18.37928296
13.602 30.354 3.1581552 18.38231085
13.624 29.546 3.1562153 18.38382479
13.635 29.847 3.17697223 18.37171324
13.652 51.792 2.95116787 18.71739712
13.669 52.941 2.16589635 19.58539168
13.691 30.412 2.63729205 18.56978758
13.702 29.919 2.89491077 18.42949544
13.719 29.485 3.0475809 18.37171324
13.735 29.741 3.13080261 18.37095627
13.758 29.368 3.18298592 18.32553795
13.769 29.002 3.20238492 18.31014618
13.785 28.919 3.20451881 18.31014618
13.802 28.791 3.24486873 18.31014618
13.824 27.823 3.27765304 18.26699878
13.835 27.42 3.29220229 18.2483268
13.852 26.848 3.31877892 18.24756983
